0000000000000000000000000000000000000001
0000000000000000000000001110100000000001
0000000000000000000000000000000000000001
0000000000001000000000001110100000000001
0000000000000000000000000000000000000001
0000000000010000000000001110100000000001
0000000000000000000000000000000000000001
0000000000011000000000001110100000000001
1111111111110010000000000010000000000001
0000000000110001000010000010001001000001
0000000001010000000000001110001000000001
0000000001000001000010000010000000000001
0000000000110001000010000011010000000001
0000000001010010000000010010001000000001
0000000000111000000000001110001000000001
0000000000111000000000001100000000000001
0000000001001000000000001111001000000001
0000000000000000000000000000000000000001
0000000000000111111111110010000000000001
0000000000100000000000001110001000000001
0000000000001111111111110010000000000001
0000000000101000000000001110001000000001
0000000000000000000000000000000000000001
1111111111110010000000100010000000000001
0000000001101001000010000010001001000001
0000000010001000000000001110001000000001
0000000001111001000010000010000000000001
0000000001101001000010000011010000000001
0000000010001010000000110010001000000001
0000000001110000000000001110001000000001
0000000001110000000000001100000000000001
0000000010000000000000001111001000000001
0000000000000000000000000000000000000001
0000000000010111111111110010000000000001
0000000001011000000000001110001000000001
0000000000011111111111110010000000000001
0000000001100000000000001110001000000001
0000000000000000000000000000000000000001
0000000000100010000001000010000000000001
0000000000101010000001000100000000000001
0000000001011010000001010010001000000001
0000000001100010000001010100010000000001
0000000000000000000000000000000000000001
0000000010011000000000001110001000000001
0000000011010000000000001110010000000001
0000000010110010000001100010000000000001
0000000010100010000001100011010000000001
0000000010010001000010000010001001000001
0000000010011001000010000010001000000001
0000000010101000000000001110001000000001
0000000000000000000000000000000000000001
0000000010111000000000001111001000000001
0000000011101010000001110010000000000001
0000000011011010000001110011010000000001
0000000011001001000010000010001001000001
0000000011010001000010000010001000000001
0000000011100000000000001110001000000001
0000000000000000000000000000000000000001
0000000011110000000000001111001000000001
0000000010101010000010000010000000000001
0000000000000000000000000000000000000001
0000000100100000000000001110001000000001
0000000101001010000010110010000000000001
0000000101000010000011010010001000000001
0000000100110010000010110011010000000001
0000000100101010000011010010001000000001
0000000100100010000010010010001000000001
0000000100011010000010100010001000000001
0000000100010010000011000010001000000001
0000000000000000000000000000000000000001
0000000100111000000000001110001000000001
0000000101010000000000001111001000000001
0000000101111010000100000010000000000001
0000000101110010000100100010001000000001
0000000101100010000100000011010000000001
0000000101011010000100100010001000000001
0000000100111010000011100010001000000001
0000000100110010000011110010001000000001
0000000100101010000100010010001000000001
0000000000000000000000000000000000000001
0000000101101000000000001110001000000001
0000000100000000000000001110001000000001
0000000110000000000000001111001000000001
0000000010101001000010000010000000000001
0000000000000000000000000000000000000001
0000000110011000000000001110001000000001
0000000111000010000101010010000000000001
0000000110111010000101110010001000000001
0000000110101010000101010011010000000001
0000000110100010000101110010001000000001
0000000110011010000100110010001000000001
0000000110010010000101000010001000000001
0000000110001010000101100010001000000001
0000000000000000000000000000000000000001
0000000110110000000000001110001000000001
0000000111001000000000001111001000000001
0000000111110010000110100010000000000001
0000000111101010000111000010001000000001
0000000111011010000110100011010000000001
0000000111010010000111000010001000000001
0000000110110010000110000010001000000001
0000000110101010000110010010001000000001
0000000110100010000110110010001000000001
0000000000000000000000000000000000000001
0000000111100000000000001110001000000001
0000000100001000000000001110001000000001
0000000111111000000000001111001000000001
0000000011100010000111010010000000000001
0000000000000000000000000000000000000001
0000001000100000000000001110001000000001
0000001001001010001000000010000000000001
0000001001000010001000100010001000000001
0000001000110010001000000011010000000001
0000001000101010001000100010001000000001
0000001000100010000111100010001000000001
0000001000011010000111110010001000000001
0000001000010010001000010010001000000001
0000000000000000000000000000000000000001
0000001000111000000000001110001000000001
0000001001010000000000001111001000000001
0000001001111010001001010010000000000001
0000001001110010001001110010001000000001
0000001001100010001001010011010000000001
0000001001011010001001110010001000000001
0000001000111010001000110010001000000001
0000001000110010001001000010001000000001
0000001000101010001001100010001000000001
0000000000000000000000000000000000000001
0000001001101000000000001110001000000001
0000001000000000000000001110001000000001
0000001010000000000000001111001000000001
0000000011100001000010000010000000000001
0000000000000000000000000000000000000001
0000001010011000000000001110001000000001
0000001011000010001010100010000000000001
0000001010111010001011000010001000000001
0000001010101010001010100011010000000001
0000001010100010001011000010001000000001
0000001010011010001010000010001000000001
0000001010010010001010010010001000000001
0000001010001010001010110010001000000001
0000000000000000000000000000000000000001
0000001010110000000000001110001000000001
0000001011001000000000001111001000000001
0000001011110010001011110010000000000001
0000001011101010001100010010001000000001
0000001011011010001011110011010000000001
0000001011010010001100010010001000000001
0000001010110010001011010010001000000001
0000001010101010001011100010001000000001
0000001010100010001100000010001000000001
0000000000000000000000000000000000000001
0000001011100000000000001110001000000001
0000001000001000000000001110001000000001
0000001011111000000000001111001000000001
1111111111110010001100100010000000000001
0000001100111000000000001110001000000001
0000000100001001000010000010000000000001
0000001100010000000000001110001000000001
0000001000001001000010000010000000000001
0000001100100000000000001110001000000001
0000000010101001000010000010000000000001
0000001100011000000000001110001000000001
0000000011100001000010000010000000000001
0000001100101000000000001110001000000001
1111111111101001000010000010000000000001
0000001110010000000000001110001000000001
0000001100110001000010000010000000000001
0000001100111001000010000010001001001001
1111111111110001000010000010000000100110
0000001110010000000000001110001000000001
0000001101010001000010000010000000000001
1111111111110001000100110010001001001001
0000001100110001000010000010000000000001
0000001101110001000010000010000000100101
0000001101111000000000001110001000000001
0000001101100001000010000010000000000001
1111111111110001000100110010001001001001
0000001100110001000010000010000000000001
0000001110000001000010000010000000100101
0000001110001000000000001110001000000001
0000001110011001000010000010000000000001
0000000000000000000000000000000000000001
0000001110101000000000001111000000000001
0000001110101001000010000010000000000001
1111111111110001000100110010001001001001
0000001110010001000010000010000000000001
1111111111101001000010000010000000100101
0000001110010000000000001110001000000001
0000001100110001000010000010000000000001
0000001100111000000000001110001000100101
0000001101000001000010000010000000000001
0000001101010001000010000010001001000001
0000001110100000000000001110001000000001
0000001101010001000010000010000000000001
0000001110100001000101000010001000000001
0000001101011000000000001110001000000001
0000001101111000000000001100000000000001
0000000000000111111111111010000000000001
0000001101011000000000001100000000000001
0000001100010111111111110010000010000001
0000001100000000000000001110001000000001
0000001100100111111111110100000010000001
0000001100001000000000001110010000000001
1111111111110001000010000010000000000001
1111111111110111111111110010001001000001
0000001101101000000000001110001000000001
0000001110001000000000001100000000000001
0000000000000111111111111010000000000001
0000001101101000000000001100000000000001
0000001100010111111111110010000010000001
0000001100000001000010000010001000000001
0000001100000000000000001110001000000001
0000001100100111111111110100000010000001
0000001100001001000010000100010000000001
0000001100001000000000001110010000000001
0000001101000001000010000010000000000001
0000001110010001000010000010001001000001
0000000000000000000000000000000000000001
0000001101001000000000001111000000000001
0000000000000000000000000000000000000001
1111111111110010001100110010000000000001
0000001111101000000000001110001000000001
0000000100000001000010000010000000000001
0000001111000000000000001110001000000001
0000001000000001000010000010000000000001
0000001111010000000000001110001000000001
0000000010101001000010000010000000000001
0000001111001000000000001110001000000001
0000000011100001000010000010000000000001
0000001111011000000000001110001000000001
1111111111101001000010000010000000000001
0000010001000000000000001110001000000001
0000001111100001000010000010000000000001
0000001111101001000010000010001001001001
1111111111110001000010000010000000100110
0000010001000000000000001110001000000001
0000010000000001000010000010000000000001
1111111111110001000100110010001001001001
0000001111100001000010000010000000000001
0000010000100001000010000010000000100101
0000010000101000000000001110001000000001
0000010000010001000010000010000000000001
1111111111110001000100110010001001001001
0000001111100001000010000010000000000001
0000010000110001000010000010000000100101
0000010000111000000000001110001000000001
0000010001001001000010000010000000000001
0000000000000000000000000000000000000001
0000010001011000000000001111000000000001
0000010001011001000010000010000000000001
1111111111110001000100110010001001001001
0000010001000001000010000010000000000001
1111111111101001000010000010000000100101
0000010001000000000000001110001000000001
0000001111100001000010000010000000000001
0000001111101000000000001110001000100101
0000001111110001000010000010000000000001
0000010000000001000010000010001001000001
0000010001010000000000001110001000000001
0000010000000001000010000010000000000001
0000010001010001000101000010001000000001
0000010000001000000000001110001000000001
0000010000101000000000001100000000000001
0000000000000111111111111010000000000001
0000010000001000000000001100000000000001
0000001111000111111111110010000010000001
0000001110110000000000001110001000000001
0000001111010111111111110100000010000001
0000001110111000000000001110010000000001
1111111111110001000010000010000000000001
1111111111110111111111110010001001000001
0000010000011000000000001110001000000001
0000010000111000000000001100000000000001
0000000000000111111111111010000000000001
0000010000011000000000001100000000000001
0000001111000111111111110010000010000001
0000001110110001000010000010001000000001
0000001110110000000000001110001000000001
0000001111010111111111110100000010000001
0000001110111001000010000100010000000001
0000001110111000000000001110010000000001
0000001111110001000010000010000000000001
0000010001000001000010000010001001000001
0000000000000000000000000000000000000001
0000001111111000000000001111000000000001
0000000000000000000000000000000000000001
0000001100000010001101000010000000000001
0000010001111000000000001110001000000001
0000001100001010001101010010000000000001
0000010010010000000000001110001000000001
0000001110110010001101100010000000000001
0000001110111010001101100010001000000001
0000000000000000000000000000000000000001
0000010001100000000000001110001000000001
0000010001100010001101110010000000000001
0000010100001000000000001110001000000001
0000010010111010001110110010000000000001
0000010010110010001111000010001000000001
0000010010100010001110110011010000000001
0000010010011010001111000010001000000001
0000010001111010001110000010001000000001
0000010001110010001110010010001000000001
0000010001101010001110100010001000000001
0000000000000000000000000000000000000001
0000010010101000000000001110001000000001
0000010011000000000000001111001000000001
0000010011101010001110110010000000000001
0000010011100010001111000010001000000001
0000010011010010001110110011010000000001
0000010011001010001111000010001000000001
0000010010010010001110000010001000000001
0000010010001010001110010010001000000001
0000010010000010001110100010001000000001
0000000000000000000000000000000000000001
0000010011011000000000001110001000000001
0000010011110000000000001111001000000001
0000010100110010010000000010000000000001
0000010100101010010000010010001000000001
0000010100011010010000000011010000000001
0000010100010010010000010010001000000001
0000010100001010001111010010001000000001
0000010100000010001111100010001000000001
0000010011111010001111110010001000000001
0000000000000000000000000000000000000001
0000010100100000000000001110001000000001
0000010100111000000000001111001000000001
0000010101100010010001010010000000000001
0000010101011010010001100010001000000001
0000010101001010010001010011010000000001
0000010101000010010001100010001000000001
0000010010101010010000100010001000000001
0000010010100010010000110010001000000001
0000010010011010010001000010001000000001
0000000000000000000000000000000000000001
0000010101010000000000001110001000000001
0000010101101000000000001111001000000001
0000010110010010010010100010000000000001
0000010110001010010010110010001000000001
0000010101111010010010100011010000000001
0000010101110010010010110010001000000001
0000010101010010010001110010001000000001
0000010101001010010010000010001000000001
0000010101000010010010010010001000000001
0000000000000000000000000000000000000001
0000010110000000000000001110001000000001
0000010110011000000000001111001000000001
0000010111000010010011110010000000000001
0000010110111010010100000010001000000001
0000010110101010010011110011010000000001
0000010110100010010100000010001000000001
0000010110000010010011000010001000000001
0000010101111010010011010010001000000001
0000010101110010010011100010001000000001
0000000000000000000000000000000000000001
0000010110110000000000001110001000000001
0000010111001000000000001111001000000001
0000010111110010010101000010000000000001
0000010111101010010101010010001000000001
0000010111011010010101000011010000000001
0000010111010010010101010010001000000001
0000010110110010010100010010001000000001
0000010110101010010100100010001000000001
0000010110100010010100110010001000000001
0000000000000000000000000000000000000001
0000010111100000000000001110001000000001
0000010111111000000000001111001000000001
0000011000100010010110010010000000000001
0000011000011010010110100010001000000001
0000011000001010010110010011010000000001
0000011000000010010110100010001000000001
0000010111100010010101100010001000000001
0000010111011010010101110010001000000001
0000010111010010010110000010001000000001
0000000000000000000000000000000000000001
0000011000010000000000001110001000000001
0000011000101000000000001111001000000001
0000011001010010010111100010000000000001
0000011001001010010111110010001000000001
0000011000111010010111100011010000000001
0000011000110010010111110010001000000001
0000011000010010010110110010001000000001
0000011000001010010111000010001000000001
0000011000000010010111010010001000000001
0000000000000000000000000000000000000001
0000011001000000000000001110001000000001
0000011001011000000000001111001000000001
0000011010000010010001010010000000000001
0000011001111010010001100010001000000001
0000011001101010010001010011010000000001
0000011001100010010001100010001000000001
0000010011011010010000100010001000000001
0000010011010010010000110010001000000001
0000010011001010010001000010001000000001
0000000000000000000000000000000000000001
0000011001110000000000001110001000000001
0000011010001000000000001111001000000001
0000011010110010010010100010000000000001
0000011010101010010010110010001000000001
0000011010011010010010100011010000000001
0000011010010010010010110010001000000001
0000011001110010010001110010001000000001
0000011001101010010010000010001000000001
0000011001100010010010010010001000000001
0000000000000000000000000000000000000001
0000011010100000000000001110001000000001
0000011010111000000000001111001000000001
0000011011100010010011110010000000000001
0000011011011010010100000010001000000001
0000011011001010010011110011010000000001
0000011011000010010100000010001000000001
0000011010100010010011000010001000000001
0000011010011010010011010010001000000001
0000011010010010010011100010001000000001
0000000000000000000000000000000000000001
0000011011010000000000001110001000000001
0000011011101000000000001111001000000001
0000011100010010010101000010000000000001
0000011100001010010101010010001000000001
0000011011111010010101000011010000000001
0000011011110010010101010010001000000001
0000011011010010010100010010001000000001
0000011011001010010100100010001000000001
0000011011000010010100110010001000000001
0000000000000000000000000000000000000001
0000011100000000000000001110001000000001
0000011100011000000000001111001000000001
0000011101000010010110010010000000000001
0000011100111010010110100010001000000001
0000011100101010010110010011010000000001
0000011100100010010110100010001000000001
0000011100000010010101100010001000000001
0000011011111010010101110010001000000001
0000011011110010010110000010001000000001
0000000000000000000000000000000000000001
0000011100110000000000001110001000000001
0000011101001000000000001111001000000001
0000011101110010010111100010000000000001
0000011101101010010111110010001000000001
0000011101011010010111100011010000000001
0000011101010010010111110010001000000001
0000011100110010010110110010001000000001
0000011100101010010111000010001000000001
0000011100100010010111010010001000000001
0000000000000000000000000000000000000001
0000011101100000000000001110001000000001
0000011101111000000000001111001000000001
1111111111110010011000000010000000000001
0000011110111000000000001110001000000001
0000011001000001000010000010000000000001
0000011110010000000000001110001000000001
0000011101100001000010000010000000000001
0000011110100000000000001110001000000001
0000010010101001000010000010000000000001
0000011110011000000000001110001000000001
0000010011011001000010000010000000000001
0000011110101000000000001110001000000001
1111111111101001000010000010000000000001
0000100000010000000000001110001000000001
0000011110110001000010000010000000000001
0000011110111001000010000010001001001001
1111111111110001000010000010000000100110
0000100000010000000000001110001000000001
0000011111010001000010000010000000000001
1111111111110001000100110010001001001001
0000011110110001000010000010000000000001
0000011111110001000010000010000000100101
0000011111111000000000001110001000000001
0000011111100001000010000010000000000001
1111111111110001000100110010001001001001
0000011110110001000010000010000000000001
0000100000000001000010000010000000100101
0000100000001000000000001110001000000001
0000100000011001000010000010000000000001
0000000000000000000000000000000000000001
0000100000101000000000001111000000000001
0000100000101001000010000010000000000001
1111111111110001000100110010001001001001
0000100000010001000010000010000000000001
1111111111101001000010000010000000100101
0000100000010000000000001110001000000001
0000011110110001000010000010000000000001
0000011110111000000000001110001000100101
0000011111000001000010000010000000000001
0000011111010001000010000010001001000001
0000100000100000000000001110001000000001
0000011111010001000010000010000000000001
0000100000100001000101000010001000000001
0000011111011000000000001110001000000001
0000011111111000000000001100000000000001
0000000000000111111111111010000000000001
0000011111011000000000001100000000000001
0000011110010111111111110010000010000001
0000011110000000000000001110001000000001
0000011110100111111111110100000010000001
0000011110001000000000001110010000000001
1111111111110001000010000010000000000001
1111111111110111111111110010001001000001
0000011111101000000000001110001000000001
0000100000001000000000001100000000000001
0000000000000111111111111010000000000001
0000011111101000000000001100000000000001
0000011110010111111111110010000010000001
0000011110000001000010000010001000000001
0000011110000000000000001110001000000001
0000011110100111111111110100000010000001
0000011110001001000010000100010000000001
0000011110001000000000001110010000000001
0000011111000001000010000010000000000001
0000100000010001000010000010001001000001
0000000000000000000000000000000000000001
0000011111001000000000001111000000000001
0000000000000000000000000000000000000001
0000100001010010011001000010000000000001
0000100001001010011001010010001000000001
0000100000111010011001000011010000000001
0000100000110010011001010010001000000001
0000010100100010011000010010001000000001
0000010100011010011000100010001000000001
0000010100010010011000110010001000000001
0000000000000000000000000000000000000001
0000100001000000000000001110001000000001
0000100001011000000000001111001000000001
0000100010000010011010010010000000000001
0000100001111010011010100010001000000001
0000100001101010011010010011010000000001
0000100001100010011010100010001000000001
0000100001000010011001100010001000000001
0000100000111010011001110010001000000001
0000100000110010011010000010001000000001
0000000000000000000000000000000000000001
0000100001110000000000001110001000000001
0000100010001000000000001111001000000001
0000100010110010011011100010000000000001
0000100010101010011011110010001000000001
0000100010011010011011100011010000000001
0000100010010010011011110010001000000001
0000100001110010011010110010001000000001
0000100001101010011011000010001000000001
0000100001100010011011010010001000000001
0000000000000000000000000000000000000001
0000100010100000000000001110001000000001
0000100010111000000000001111001000000001
0000100011100010011100110010000000000001
0000100011011010011101000010001000000001
0000100011001010011100110011010000000001
0000100011000010011101000010001000000001
0000100010100010011100000010001000000001
0000100010011010011100010010001000000001
0000100010010010011100100010001000000001
0000000000000000000000000000000000000001
0000100011010000000000001110001000000001
0000100011101000000000001111001000000001
1111111111110010011101010010000000000001
0000100100010000000000001110001000000001
0000100011010001000010000010000000000001
0000100011111000000000001110001000000001
0000010100100001000010000010000000000001
0000100100000000000000001110001000000001
1111111111101001000010000010000000000001
0000100101101000000000001110001000000001
0000100100001001000010000010000000000001
0000100100010001000010000010001001001001
1111111111110001000010000010000000100110
0000100101101000000000001110001000000001
0000100100101001000010000010000000000001
1111111111110001000100110010001001001001
0000100100001001000010000010000000000001
0000100101001001000010000010000000100101
0000100101010000000000001110001000000001
0000100100111001000010000010000000000001
1111111111110001000100110010001001001001
0000100100001001000010000010000000000001
0000100101011001000010000010000000100101
0000100101100000000000001110001000000001
0000100101110001000010000010000000000001
0000000000000000000000000000000000000001
0000100110000000000000001111000000000001
0000100110000001000010000010000000000001
1111111111110001000100110010001001001001
0000100101101001000010000010000000000001
1111111111101001000010000010000000100101
0000100101101000000000001110001000000001
0000100100001001000010000010000000000001
0000100100010000000000001110001000100101
0000100100011001000010000010000000000001
0000100100101001000010000010001001000001
0000100101111000000000001110001000000001
0000100100101001000010000010000000000001
0000100101111001000101000010001000000001
0000100100110000000000001110001000000001
0000100101010000000000001100000000000001
0000000000000111111111111010000000000001
0000100100110000000000001100000000000001
0000100011111111111111110010000010000001
0000100011110000000000001110001000000001
1111111111110001000010000010000000000001
1111111111110111111111110010001001000001
0000100101000000000000001110001000000001
0000100101100000000000001100000000000001
0000000000000111111111111010000000000001
0000100101000000000000001100000000000001
0000100011111111111111110010000010000001
0000100011110001000010000010001000000001
0000100011110000000000001110001000000001
0000100100011001000010000010000000000001
0000100101101001000010000010001001000001
0000000000000000000000000000000000000001
0000100100100000000000001111000000000001
0000000000000000000000000000000000000001
1111111111110010011101100010000000000001
0000100110011001000010000010001001000001
0000100110111000000000001110001000000001
0000100110101001000010000010000000000001
0000100110011001000010000011010000000001
0000100110111010011101110010001000000001
0000100110100000000000001110001000000001
0000100110100000000000001100000000000001
0000100110110000000000001111001000000001
0000011110000111111111110010000000000001
0000100110001000000000001110001000000001
0000011110001111111111110010000000000001
0000100110010000000000001110001000000001
1111111111110010011110000010000000000001
0000100111010001000010000010001001000001
0000100111110000000000001110001000000001
0000100111100001000010000010000000000001
0000100111010001000010000011010000000001
0000100111110010011110010010001000000001
0000100111011000000000001110001000000001
0000100111011000000000001100000000000001
0000100111101000000000001111001000000001
0000000000000000000000000000000000000001
0000100110001111111111110010000000000001
0000100111000000000000001110001000000001
0000100110010111111111110010000000000001
0000100111001000000000001110001000000001
0000000000000000000000000000000000000001
1111111111110010011110100010000000000001
0000101000000001000010000010001001000001
0000101000100000000000001110001000000001
0000101000010001000010000010000000000001
0000101000000001000010000011010000000001
0000101000100010011110110010001000000001
0000101000001000000000001110001000000001
0000101000001000000000001100000000000001
0000101000011000000000001111001000000001
0000100011110111111111110010000000000001
0000100111111000000000001110001000000001
1111111111110010011111000010000000000001
0000101000110001000010000010001001000001
0000101001010000000000001110001000000001
0000101001000001000010000010000000000001
0000101000110001000010000011010000000001
0000101001010010011111010010001000000001
0000101000111000000000001110001000000001
0000101000111000000000001100000000000001
0000101001001000000000001111001000000001
0000100111111111111111110010000000000001
0000101000101000000000001110001000000001
0000100111000001000010000010000000000001
1111111101101000000000000000001000000001
0000100111000001000010000010000000000001
1111111100111000000000000000001000000001
0000100111001001000010000010000000000001
1111111101110000000000000000001000000001
0000100111001001000010000010000000000001
1111111101000000000000000000001000000001
1111111111110010011111100010000000000001
0000101001100001000010000010001001000001
0000101010000000000000001110001000000001
0000101001110001000010000010000000000001
0000101001100001000010000011010000000001
0000101010000010011111110010001000000001
0000101001101000000000001110001000000001
0000101001101000000000001100000000000001
0000101001111000000000001111001000000001
0000000000000000000000000000000000000001
0000101000101111111111110010000000000001
0000101001011000000000001110001000000001
0000000000000000000000000000000000000001
0000101001011001000010000010000000000001
1111111101111000000000000000001000000001
0000101001011001000010000010000000000001
1111111110000000000000000000001000000001
0000000000000000000000000000000000000001
0000000000000000000000000000000000000001
0000000000000000000000000000000000000001
0000000000000000000000000000000000000001
0000000000000000000000000000000000000001
0000000000000000000000000000000000000001
0000000000000000000000000000000000000001
0000000000000000000000000000000000000001
0000000000000000000000000000000000000001
0000000000000000000000000000000000000001
0000000000000000000000000000000000000001
0000000000000000000000000000000000000001
0000000000000000000000000000000000000001
0000000000000000000000000000000000000001
0000000000000000000000000000000000000001
0000000000000000000000000000000000000001
0000000000000000000000000000000000000001
0000000000000000000000000000000000000001
0000000000000000000000000000000000000001
0000000000000000000000000000000000000001
0000000000000000000000000000000000000001
0000000000000000000000000000000000000001
0000000000000000000000000000000000000001
0000000000000000000000000000000000000001
0000000000000000000000000000000000000001
0000000000000000000000000000000000000001
0000000000000000000000000000000000000001
0000000000000000000000000000000000000001
0000000000000000000000000000000000000001
0000000000000000000000000000000000000001
0000000000000000000000000000000000000001
0000000000000000000000000000000000000001
0000000000000000000000000000000000000001
0000000000000000000000000000000000000001
0000000000000000000000000000000000000001
0000000000000000000000000000000000000001
0000000000000000000000000000000000000001
0000000000000000000000000000000000000001
0000000000000000000000000000000000000001
0000000000000000000000000000000000000001
0000000000000000000000000000000000000001
0000000000000000000000000000000000000001
0000000000000000000000000000000000000001
0000000000000000000000000000000000000001
0000000000000000000000000000000000000001
0000000000000000000000000000000000000001
0000000000000000000000000000000000000001
0000000000000000000000000000000000000001
0000000000000000000000000000000000000001
0000000000000000000000000000000000000001
0000000000000000000000000000000000000001
0000000000000000000000000000000000000001
0000000000000000000000000000000000000001
0000000000000000000000000000000000000001
0000000000000000000000000000000000000001
0000000000000000000000000000000000000001
0000000000000000000000000000000000000001
0000000000000000000000000000000000000001
0000000000000000000000000000000000000001
0000000000000000000000000000000000000001
0000000000000000000000000000000000000001
0000000000000000000000000000000000000001
0000000000000000000000000000000000000001
0000000000000000000000000000000000000001
0000000000000000000000000000000000000001
0000000000000000000000000000000000000001
0000000000000000000000000000000000000001
0000000000000000000000000000000000000001
0000000000000000000000000000000000000001
0000000000000000000000000000000000000001
0000000000000000000000000000000000000001
0000000000000000000000000000000000000001
0000000000000000000000000000000000000001
0000000000000000000000000000000000000001
0000000000000000000000000000000000000001
0000000000000000000000000000000000000001
0000000000000000000000000000000000000001
0000000000000000000000000000000000000001
0000000000000000000000000000000000000001
0000000000000000000000000000000000000001
0000000000000000000000000000000000000001
0000000000000000000000000000000000000001
0000000000000000000000000000000000000001
0000000000000000000000000000000000000001
0000000000000000000000000000000000000001
0000000000000000000000000000000000000001
0000000000000000000000000000000000000001
0000000000000000000000000000000000000001
0000000000000000000000000000000000000001
0000000000000000000000000000000000000001
0000000000000000000000000000000000000001
0000000000000000000000000000000000000001
0000000000000000000000000000000000000001
0000000000000000000000000000000000000001
0000000000000000000000000000000000000001
0000000000000000000000000000000000000001
0000000000000000000000000000000000000001
0000000000000000000000000000000000000001
0000000000000000000000000000000000000001
0000000000000000000000000000000000000001
0000000000000000000000000000000000000001
0000000000000000000000000000000000000001
0000000000000000000000000000000000000001
0000000000000000000000000000000000000001
0000000000000000000000000000000000000001
0000000000000000000000000000000000000001
0000000000000000000000000000000000000001
0000000000000000000000000000000000000001
0000000000000000000000000000000000000001
0000000000000000000000000000000000000001
0000000000000000000000000000000000000001
0000000000000000000000000000000000000001
0000000000000000000000000000000000000001
0000000000000000000000000000000000000001
0000000000000000000000000000000000000001
0000000000000000000000000000000000000001
0000000000000000000000000000000000000001
0000000000000000000000000000000000000001
0000000000000000000000000000000000000001
0000000000000000000000000000000000000001
0000000000000000000000000000000000000001
0000000000000000000000000000000000000001
0000000000000000000000000000000000000001
0000000000000000000000000000000000000001
0000000000000000000000000000000000000001
0000000000000000000000000000000000000001
0000000000000000000000000000000000000001
0000000000000000000000000000000000000001
0000000000000000000000000000000000000001
0000000000000000000000000000000000000001
0000000000000000000000000000000000000001
0000000000000000000000000000000000000001
0000000000000000000000000000000000000001
0000000000000000000000000000000000000001
0000000000000000000000000000000000000001
0000000000000000000000000000000000000001
0000000000000000000000000000000000000001
0000000000000000000000000000000000000001
0000000000000000000000000000000000000001
0000000000000000000000000000000000000001
0000000000000000000000000000000000000001
0000000000000000000000000000000000000001
0000000000000000000000000000000000000001
0000000000000000000000000000000000000001
0000000000000000000000000000000000000001
0000000000000000000000000000000000000001
0000000000000000000000000000000000000001
0000000000000000000000000000000000000001
0000000000000000000000000000000000000001
0000000000000000000000000000000000000001
0000000000000000000000000000000000000001
0000000000000000000000000000000000000001
0000000000000000000000000000000000000001
0000000000000000000000000000000000000001
0000000000000000000000000000000000000001
0000000000000000000000000000000000000001
0000000000000000000000000000000000000001
0000000000000000000000000000000000000001
0000000000000000000000000000000000000001
0000000000000000000000000000000000000001
0000000000000000000000000000000000000001
0000000000000000000000000000000000000001
0000000000000000000000000000000000000001
0000000000000000000000000000000000000001
0000000000000000000000000000000000000001
0000000000000000000000000000000000000001
0000000000000000000000000000000000000001
0000000000000000000000000000000000000001
0000000000000000000000000000000000000001
0000000000000000000000000000000000000001
0000000000000000000000000000000000000001
0000000000000000000000000000000000000001
0000000000000000000000000000000000000001
0000000000000000000000000000000000000001
0000000000000000000000000000000000000001
0000000000000000000000000000000000000001
0000000000000000000000000000000000000001
0000000000000000000000000000000000000001
0000000000000000000000000000000000000001
0000000000000000000000000000000000000001
0000000000000000000000000000000000000001
0000000000000000000000000000000000000001
0000000000000000000000000000000000000001
0000000000000000000000000000000000000001
0000000000000000000000000000000000000001
0000000000000000000000000000000000000001
0000000000000000000000000000000000000001
0000000000000000000000000000000000000001
0000000000000000000000000000000000000001
0000000000000000000000000000000000000001
0000000000000000000000000000000000000001
0000000000000000000000000000000000000001
0000000000000000000000000000000000000001
0000000000000000000000000000000000000001
0000000000000000000000000000000000000001
0000000000000000000000000000000000000001
0000000000000000000000000000000000000001
0000000000000000000000000000000000000001
0000000000000000000000000000000000000001
0000000000000000000000000000000000000001
0000000000000000000000000000000000000001
0000000000000000000000000000000000000001
0000000000000000000000000000000000000001
0000000000000000000000000000000000000001
0000000000000000000000000000000000000001
0000000000000000000000000000000000000001
0000000000000000000000000000000000000001
0000000000000000000000000000000000000001
0000000000000000000000000000000000000001
0000000000000000000000000000000000000001
0000000000000000000000000000000000000001
0000000000000000000000000000000000000001
0000000000000000000000000000000000000001
0000000000000000000000000000000000000001
0000000000000000000000000000000000000001
0000000000000000000000000000000000000001
0000000000000000000000000000000000000001
0000000000000000000000000000000000000001
0000000000000000000000000000000000000001
0000000000000000000000000000000000000001
0000000000000000000000000000000000000001
0000000000000000000000000000000000000001
0000000000000000000000000000000000000001
0000000000000000000000000000000000000001
0000000000000000000000000000000000000001
0000000000000000000000000000000000000001
0000000000000000000000000000000000000001
0000000000000000000000000000000000000001
0000000000000000000000000000000000000001
0000000000000000000000000000000000000001
0000000000000000000000000000000000000001
0000000000000000000000000000000000000001
0000000000000000000000000000000000000001
0000000000000000000000000000000000000001
0000000000000000000000000000000000000001
0000000000000000000000000000000000000001
0000000000000000000000000000000000000001
0000000000000000000000000000000000000001
0000000000000000000000000000000000000001
0000000000000000000000000000000000000001
0000000000000000000000000000000000000001
0000000000000000000000000000000000000001
0000000000000000000000000000000000000001
0000000000000000000000000000000000000001
0000000000000000000000000000000000000001
0000000000000000000000000000000000000001
0000000000000000000000000000000000000001
0000000000000000000000000000000000000001
0000000000000000000000000000000000000001
0000000000000000000000000000000000000001
0000000000000000000000000000000000000001
0000000000000000000000000000000000000001
0000000000000000000000000000000000000001
0000000000000000000000000000000000000001
0000000000000000000000000000000000000001
0000000000000000000000000000000000000001
0000000000000000000000000000000000000001
0000000000000000000000000000000000000001
0000000000000000000000000000000000000001
0000000000000000000000000000000000000001
0000000000000000000000000000000000000001
0000000000000000000000000000000000000001
0000000000000000000000000000000000000001
0000000000000000000000000000000000000001
0000000000000000000000000000000000000001
0000000000000000000000000000000000000001
0000000000000000000000000000000000000001
0000000000000000000000000000000000000001
0000000000000000000000000000000000000001
0000000000000000000000000000000000000001
0000000000000000000000000000000000000001
0000000000000000000000000000000000000001
0000000000000000000000000000000000000001
0000000000000000000000000000000000000001
0000000000000000000000000000000000000001
0000000000000000000000000000000000000001
0000000000000000000000000000000000000001
0000000000000000000000000000000000000001
0000000000000000000000000000000000000001
0000000000000000000000000000000000000001
0000000000000000000000000000000000000001
0000000000000000000000000000000000000001
0000000000000000000000000000000000000001
0000000000000000000000000000000000000001
0000000000000000000000000000000000000001
0000000000000000000000000000000000000001
0000000000000000000000000000000000000001
0000000000000000000000000000000000000001
0000000000000000000000000000000000000001
0000000000000000000000000000000000000001
0000000000000000000000000000000000000001
0000000000000000000000000000000000000001
0000000000000000000000000000000000000001
0000000000000000000000000000000000000001
0000000000000000000000000000000000000001
0000000000000000000000000000000000000001
0000000000000000000000000000000000000001
0000000000000000000000000000000000000001
0000000000000000000000000000000000000001
0000000000000000000000000000000000000001
0000000000000000000000000000000000000001
0000000000000000000000000000000000000001
0000000000000000000000000000000000000001
0000000000000000000000000000000000000001
0000000000000000000000000000000000000001
0000000000000000000000000000000000000001
0000000000000000000000000000000000000001
0000000000000000000000000000000000000001
0000000000000000000000000000000000000001
0000000000000000000000000000000000000001
0000000000000000000000000000000000000001
0000000000000000000000000000000000000001
0000000000000000000000000000000000000001
0000000000000000000000000000000000000001
0000000000000000000000000000000000000001
0000000000000000000000000000000000000001
0000000000000000000000000000000000000001
0000000000000000000000000000000000000001
0000000000000000000000000000000000000001
0000000000000000000000000000000000000001
0000000000000000000000000000000000000001
0000000000000000000000000000000000000001
0000000000000000000000000000000000000001
0000000000000000000000000000000000000001
0000000000000000000000000000000000000001
0000000000000000000000000000000000000001
0000000000000000000000000000000000000001
0000000000000000000000000000000000000001
0000000000000000000000000000000000000001
0000000000000000000000000000000000000001
0000000000000000000000000000000000000001
0000000000000000000000000000000000000001
0000000000000000000000000000000000000001
0000000000000000000000000000000000000001
0000000000000000000000000000000000000001
0000000000000000000000000000000000000001
0000000000000000000000000000000000000001
0000000000000000000000000000000000000001
0000000000000000000000000000000000000001
